500
448
212
159
71
69
36
23
20
16
11
12
4
10
6
2
1
1
2
4
3
0
2
0
0
0
1
0
0
0
1
1
0
0
0
0
0
0
0
0
0
0
0
0
0
0
0
0
1
0
500
440
203
158
78
65
43
24
23
16
8
6
7
7
3
4
1
1
1
0
1
1
3
0
0
0
1
0
1
0
1
0
0
0
0
1
0
0
1
0
1
0
0
0
0
0
0
0
0
02
2
2
2
2
2
1
1
1
1
2
2
2
2
2
2
2
2
2
2
2
2
2
2
2
2
1
1
1
1
2
2
2
1
1
1
2
2
2
1
1
1
1
1
1
2
2
2
2
2
2
2
2
2
2
2
2
2
2
2
2
2
2
2
2
2
2
2
2
2
2
2
2
2
2
2
2
0
2
2
0
1
1
0
1
1
1
1
1
1
10
10
10
10
10
10
10
10
10
2
2
2
1
1
1
1
1
1
9
9
9
7
7
7
7
7
7
10
8
8
8
8
8
8
8
8
8
10
8
8
8
8
8
8
8
8
8
10
10
10
10
10
10
10
10
10
10
10
8
8
10
10
10
9
9
9
9
9
9
9
9
9
10
9
9
9
9
9
9
9
9
9
9
2
2
4
3
5
4
5
5
