996 0.996 
996 0.996 
997 0.997 
996 0.996 
994 0.994 
994 0.994 
990 0.99 
987 0.987 
990 0.99 
992 0.992 
991 0.991 
980 0.98 
978 0.978 
982 0.982 
978 0.978 
974 0.974 
973 0.973 
969 0.969 
960 0.96 
956 0.956 
938 0.938 
926 0.926 
935 0.935
902 0.902
873 0.873 
850 0.85 
814 0.814 
779 0.779 
746 0.746 
717 0.717 
649 0.649 
593 0.593 
517 0.517 
462 0.462 
422 0.422 
344 0.344 
319 0.319 
272 0.272 
209 0.209 
147 0.147 
110 0.11 
86 0.086 
67 0.067 
47 0.047 
31 0.031 
23 0.023 
13 0.013 
13 0.013 
5 0.005 
7 0.007 
